228
10
2079
1 1 39
1 2 1
1 4 10
1 5 76
1 6 3
1 7 7
1 8 11
1 9 2
1 10 3
2 1 2
2 2 9
2 3 7
2 4 14
2 5 2
2 6 9
2 7 3
2 8 10
2 9 35
2 10 17
3 1 6
3 2 4
3 3 18
3 4 73
3 5 18
3 6 10
3 7 3
3 8 18
3 9 21
3 10 88
4 1 3
4 2 2
4 3 87
4 4 30
4 5 2
4 6 7
4 7 4
4 8 18
4 9 5
4 10 29
5 1 13
5 2 3
5 3 3
5 4 4
5 5 2
5 6 5
5 7 5
5 8 13
5 9 46
5 10 7
6 2 5
6 3 24
6 4 44
6 6 11
6 7 13
6 8 15
6 9 13
6 10 52
7 1 4
7 2 1
7 3 36
7 4 60
7 5 4
7 6 11
7 7 28
7 8 25
7 9 14
7 10 101
8 1 1
8 2 7
8 3 24
8 4 32
8 5 1
8 6 28
8 7 17
8 8 39
8 9 10
8 10 60
9 1 7
9 2 3
9 3 33
9 4 91
9 5 2
9 6 8
9 7 24
9 8 22
9 9 13
9 10 576
10 1 6
10 3 4
10 4 31
10 5 7
10 6 4
10 8 13
10 9 7
10 10 51
11 1 2
11 2 3
11 3 19
11 4 41
11 5 6
11 6 2
11 7 3
11 8 11
11 9 15
11 10 44
12 1 1
12 3 2
12 4 12
12 5 4
12 6 4
12 7 1
12 8 4
12 9 25
12 10 48
13 1 7
13 2 1
13 4 2
13 5 8
13 6 8
13 7 3
13 8 11
13 9 8
13 10 12
14 1 11
14 3 7
14 4 35
14 5 5
14 6 5
14 7 5
14 8 57
14 9 20
14 10 37
15 1 2
15 2 10
15 3 196
15 4 20
15 5 11
15 6 55
15 7 1
15 8 37
15 9 34
15 10 31
16 1 17
16 2 7
16 3 42
16 4 62
16 5 2
16 6 25
16 7 7
16 8 52
16 9 19
16 10 4
17 1 15
17 2 3
17 3 45
17 4 60
17 5 6
17 6 21
17 7 7
17 8 54
17 9 21
17 10 5
18 1 4
18 2 1
18 3 14
18 4 98
18 5 4
18 6 20
18 7 20
18 8 20
18 9 25
18 10 46
19 1 3
19 2 2
19 3 25
19 4 48
19 5 3
19 6 14
19 7 11
19 8 25
19 9 29
19 10 116
20 1 2
20 2 3
20 3 1
20 4 19
20 5 4
20 6 2
20 7 1
20 8 11
20 9 9
20 10 34
21 1 9
21 3 14
21 4 60
21 5 7
21 6 5
21 7 5
21 8 30
21 9 16
21 10 35
22 1 1
22 3 2
22 4 1
23 1 7
23 2 7
23 3 21
23 4 106
23 5 20
23 6 2
23 7 3
23 8 69
23 9 57
23 10 101
24 1 32
24 2 1012
24 3 107
24 4 83
24 5 21
24 6 55
24 7 179
24 8 69
24 9 61
24 10 305
25 1 2
25 2 3
25 3 2
25 4 79
25 5 8
25 6 5
25 7 9
25 8 27
25 9 53
25 10 57
26 1 1
26 2 23
26 3 236
26 4 23
26 5 1
26 6 7
26 7 18
26 8 20
26 9 10
26 10 26
27 1 10
27 3 24
27 4 62
27 5 5
27 6 2
27 7 4
27 8 41
27 9 29
27 10 81
28 1 6
28 3 2
28 4 26
28 5 16
28 7 1
28 8 20
28 9 3
28 10 15
29 1 2
29 2 2
29 3 7
29 4 16
29 5 13
29 6 7
29 7 145
29 8 14
29 9 5
29 10 7
30 2 2
30 3 4
30 4 16
30 5 10
30 6 9
30 7 150
30 8 16
30 9 4
30 10 7
31 1 22
31 2 47
31 3 23
31 4 49
31 5 16
31 6 41
31 7 9
31 8 29
31 9 23
31 10 3
32 1 19
32 2 43
32 3 25
32 4 50
32 5 10
32 6 37
32 7 14
32 8 30
32 9 29
32 10 5
33 1 1
33 2 1
33 3 17
33 4 47
33 5 4
33 6 18
33 7 26
33 8 4
33 9 19
33 10 1
34 1 3
34 2 2
34 3 19
34 4 43
34 5 4
34 6 20
34 7 23
34 8 3
34 9 20
34 10 1
35 1 6
35 2 4
35 3 19
35 4 16
35 5 1
35 6 90
35 7 4
35 8 24
35 9 12
36 1 3
36 2 3
36 3 16
36 4 16
36 5 4
36 6 87
36 8 26
36 9 17
36 10 4
37 2 100
37 3 23
37 4 2
37 5 7
37 6 7
37 7 5
37 8 2
37 9 5
37 10 1
38 1 1
38 2 100
38 3 26
38 4 3
38 5 6
38 6 6
38 7 3
38 8 2
38 9 3
38 10 2
39 1 3
39 2 2
39 3 5
39 4 3
39 5 6
39 6 41
39 7 110
39 8 24
39 9 41
39 10 1
40 1 1
40 2 2
40 3 7
40 4 2
40 5 4
40 6 44
40 7 110
40 8 27
40 9 39
41 1 1
41 2 2
41 3 1
41 4 1
41 5 13
41 6 179
41 7 5
41 8 43
41 9 29
41 10 3
42 2 1
42 4 2
42 5 14
42 6 176
42 7 9
42 8 46
42 9 26
42 10 3
43 3 4
43 4 1
43 5 1
43 6 80
43 7 19
43 8 14
43 9 11
43 10 1
44 3 1
44 4 1
44 5 1
44 6 84
44 7 19
44 8 15
44 9 10
45 1 2
45 2 2
45 3 15
45 4 6
45 5 18
45 6 70
45 7 2
45 8 2
45 9 135
45 10 8
46 3 13
46 4 5
46 5 15
46 6 68
46 7 9
46 8 5
46 9 138
46 10 7
47 1 3
47 2 2
47 3 6
47 5 2
47 6 25
47 7 1
47 8 17
47 9 56
48 1 3
48 2 4
48 3 3
48 5 5
48 6 23
48 7 3
48 8 15
48 9 55
48 10 1
49 1 3
49 2 5
49 3 9
49 4 32
49 6 54
49 7 84
49 8 4
49 9 11
49 10 1
50 1 1
50 2 6
50 3 6
50 4 31
50 5 1
50 6 59
50 7 87
50 8 4
50 9 7
50 10 1
51 1 1
51 3 5
51 4 29
51 6 38
51 7 56
51 8 3
51 9 1
51 10 2
52 2 1
52 3 2
52 4 30
52 6 36
52 7 58
52 8 1
52 9 1
52 10 6
53 6 250
54 6 250
55 2 1
55 3 4
55 4 11
55 6 60
55 7 11
55 8 27
56 1 6
56 2 44
56 3 54
56 4 63
56 5 1
56 6 94
56 7 84
56 8 97
56 9 56
56 10 165
57 1 16
57 2 154
57 3 11
57 4 5
57 6 34
57 7 1
57 8 35
57 9 28
57 10 11
58 1 15
58 2 153
58 3 14
58 4 7
58 6 35
58 7 2
58 8 37
58 9 26
58 10 6
59 1 7
59 2 57
59 3 9
59 4 18
59 5 7
59 6 7
59 7 2
59 8 33
59 9 7
60 1 3
60 2 58
60 3 6
60 4 17
60 5 10
60 6 12
60 7 2
60 8 32
60 9 7
61 1 2
61 2 4
61 3 2
61 4 19
61 5 2
61 6 68
61 7 27
61 8 12
61 9 70
61 10 33
62 1 9
62 2 78
62 3 10
62 4 22
62 5 1
62 6 252
62 7 111
62 8 40
62 9 144
62 10 132
63 1 1
63 2 6
63 3 15
63 4 44
63 6 15
63 7 4
63 8 41
63 9 42
63 10 17
64 1 18
64 2 101
64 3 9
64 4 28
64 5 2
64 6 5
64 7 12
64 8 58
64 9 18
64 10 6
65 1 18
65 2 93
65 3 7
65 4 16
65 5 4
65 6 9
65 7 11
65 8 51
65 9 20
65 10 3
66 1 8
66 2 86
66 3 1
66 4 14
66 5 13
66 6 18
66 7 15
66 8 25
66 9 20
66 10 6
67 1 3
67 2 75
67 3 7
67 4 26
67 5 22
67 6 48
67 7 19
67 8 37
67 9 33
67 10 5
68 1 1
68 2 21
68 3 18
68 4 27
68 5 3
68 6 24
68 7 18
68 8 27
68 9 17
68 10 6
69 6 249
69 10 1
70 6 247
70 7 1
70 8 1
70 10 1
71 3 2
71 4 12
71 6 61
71 7 13
71 8 25
71 10 1
72 3 5
72 4 9
72 6 58
72 7 13
72 8 28
72 10 1
73 1 7
73 2 5
73 3 25
73 4 26
73 5 7
73 6 7
73 7 156
73 8 27
73 9 21
73 10 8
74 1 1
74 2 1
74 3 1
74 4 23
74 5 1
74 6 4
74 7 13
74 8 47
74 9 19
74 10 2
75 1 71
75 2 1
75 3 14
75 4 21
75 5 54
75 6 2
75 7 5
75 8 20
75 9 5
75 10 3
76 1 48
76 2 5
76 3 5
76 4 14
76 5 174
76 6 5
76 7 2
76 8 25
76 9 34
76 10 4
77 1 64
77 2 2
77 3 2
77 4 6
77 5 55
77 6 8
77 7 5
77 8 32
77 9 4
78 1 285
78 2 1
78 3 6
78 4 5
78 5 114
78 6 1
78 7 6
78 8 44
78 9 27
78 10 7
79 1 60
79 2 3
79 3 3
79 4 10
79 5 38
79 7 2
79 8 26
79 10 1
80 1 102
80 2 3
80 3 1
80 4 4
80 5 27
80 6 6
80 7 5
80 8 28
80 9 12
80 10 2
81 1 70
81 2 4
81 3 2
81 4 12
81 5 24
81 6 8
81 8 21
81 10 5
82 1 42
82 3 3
82 4 5
82 5 28
82 6 4
82 7 1
82 8 23
82 9 1
83 1 66
83 2 5
83 3 5
83 4 6
83 5 28
83 6 2
83 7 1
83 8 33
83 9 4
84 1 17
84 2 11
84 3 5
84 4 9
84 5 1
84 6 4
84 7 6
84 8 18
84 9 38
84 10 1
85 1 69
85 2 5
85 3 2
85 4 1
85 5 39
85 6 2
85 7 5
85 8 23
85 9 9
85 10 5
86 1 78
86 2 1
86 3 2
86 4 11
86 5 52
86 6 1
86 7 3
86 8 9
86 9 1
86 10 3
87 1 15
87 2 128
87 3 8
87 4 44
87 5 11
87 6 41
87 7 10
87 8 76
87 9 30
87 10 13
88 1 12
88 2 126
88 3 12
88 4 41
88 5 17
88 6 30
88 7 9
88 8 80
88 9 34
88 10 14
89 1 88
89 2 282
89 3 36
89 4 47
89 5 15
89 6 101
89 7 64
89 8 123
89 9 50
89 10 399
90 1 1
90 2 9
90 3 132
90 4 8
90 5 5
90 6 29
90 7 5
90 8 58
90 9 21
90 10 43
91 2 5
91 3 6
91 4 87
91 5 14
91 6 8
91 7 50
91 8 19
91 9 7
91 10 4
92 1 11
92 2 2
92 3 21
92 4 18
92 5 4
92 6 41
92 7 5
92 8 82
92 9 41
93 1 18
93 2 1
93 3 7
93 4 45
93 5 8
93 6 14
93 7 1
93 8 78
93 9 47
93 10 5
94 1 2
94 2 2
94 3 6
94 4 11
94 5 2
94 6 38
94 7 136
94 8 27
94 9 9
94 10 7
95 1 3
95 3 1
95 4 8
95 6 29
95 7 42
95 8 6
96 1 121
96 3 8
96 4 22
96 5 23
96 6 5
96 7 5
96 8 33
96 9 1
96 10 3
97 1 10
97 3 63
97 4 56
97 5 6
97 6 9
97 8 30
97 9 25
97 10 44
98 1 4
98 2 5
98 3 88
98 4 45
98 5 13
98 6 8
98 7 21
98 8 38
98 9 16
98 10 17
99 1 7
99 2 8
99 3 12
99 4 52
99 5 6
99 6 2
99 7 2
99 8 27
99 9 38
99 10 44
100 1 3
100 2 160
100 3 20
100 4 12
100 6 13
100 7 10
100 8 35
100 9 12
100 10 147
101 1 6
101 3 18
101 4 19
101 5 15
101 6 10
101 8 19
101 9 64
101 10 85
102 2 1
102 3 15
102 4 33
102 5 1
102 6 5
102 7 6
102 8 19
102 9 16
102 10 51
103 2 1
103 3 356
103 4 1
103 5 1
104 1 1
104 3 355
104 4 1
104 6 1
104 7 1
105 1 3
105 2 13
105 3 8
105 4 27
105 5 7
105 6 55
105 7 100
105 8 24
105 9 21
105 10 9
106 1 2
106 3 6
106 4 4
106 5 1
106 6 13
106 7 40
106 8 14
106 9 8
106 10 1
107 1 13
107 2 10
107 3 9
107 4 25
107 5 9
107 6 8
107 7 6
107 8 63
107 9 23
107 10 7
108 2 10
108 3 27
108 4 10
108 5 1
108 6 26
108 7 64
108 8 38
108 9 21
108 10 5
109 1 3
109 2 63
109 3 8
109 4 32
109 5 1
109 6 36
109 7 36
109 8 28
109 9 21
109 10 19
110 1 2
110 2 34
110 3 5
110 4 3
110 6 23
110 7 14
110 8 10
110 9 13
110 10 7
111 1 4
111 3 7
111 4 30
111 5 2
111 6 10
111 7 20
111 8 32
111 9 10
111 10 44
112 1 8
112 3 2
112 4 20
112 5 2
112 6 10
112 7 18
112 8 15
112 9 16
112 10 31
113 1 2
113 2 9
113 3 8
113 4 24
113 5 3
113 6 11
113 7 114
113 8 17
113 9 5
113 10 4
114 3 10
114 4 31
114 5 2
114 6 1
114 7 3
114 8 29
114 9 14
114 10 88
115 1 14
115 2 4
115 3 14
115 4 14
115 5 1
115 6 10
115 7 1
115 8 21
115 9 99
115 10 5
116 1 6
116 2 11
116 3 4
116 4 3
116 5 4
116 6 18
116 7 5
116 8 17
116 9 124
116 10 7
117 1 170
117 2 5
117 3 1
117 4 8
117 5 19
117 6 1
117 7 2
117 8 13
117 9 3
117 10 2
118 3 5
118 4 9
118 5 2
118 6 60
118 7 28
118 8 55
118 9 28
118 10 7
119 1 1
119 2 3
119 3 8
119 4 40
119 5 10
119 6 9
119 7 12
119 8 34
119 9 17
119 10 50
120 1 21
120 3 7
120 4 39
120 5 4
120 6 8
120 7 2
120 8 25
120 9 24
120 10 54
121 3 26
121 4 6
121 5 1
121 6 5
121 7 1
121 8 4
121 9 7
121 10 4
122 1 7
122 2 46
122 3 53
122 4 34
122 5 74
122 6 21
122 7 16
122 8 38
122 9 37
122 10 3
123 1 1
123 3 356
123 4 1
123 7 1
124 1 8
124 2 3
124 3 6
124 4 11
124 5 1
124 6 3
124 8 13
124 9 6
124 10 24
125 1 1
125 3 7
125 4 32
125 6 8
125 7 3
125 8 6
125 9 7
125 10 32
126 2 1
126 3 25
126 4 47
126 5 7
126 6 10
126 7 12
126 8 13
126 9 31
126 10 85
127 1 109
127 2 3
127 3 6
127 4 19
127 5 28
127 6 5
127 7 7
127 8 53
127 9 16
127 10 6
128 1 3
128 2 3
128 3 47
128 4 71
128 5 8
128 6 4
128 7 2
128 8 15
128 9 11
128 10 24
129 1 115
129 2 3
129 3 5
129 4 38
129 5 34
129 6 17
129 7 13
129 8 42
129 9 50
129 10 14
130 1 1
130 2 6
130 3 10
130 4 29
130 5 13
130 6 14
130 7 8
130 8 20
130 9 69
130 10 100
131 2 20
131 3 26
131 4 42
131 5 3
131 6 2
131 7 92
131 8 23
131 9 10
131 10 19
132 1 1
132 2 5
132 4 14
132 5 4
132 6 2
132 7 9
132 8 15
132 9 13
132 10 56
133 1 1
133 2 4
133 3 6
133 4 11
133 5 4
133 6 18
133 7 13
133 8 21
133 9 8
133 10 17
134 1 2
134 3 4
134 4 32
134 5 4
134 6 8
134 7 117
134 8 17
134 9 19
134 10 3
135 1 9
135 2 5
135 3 2
135 4 55
135 5 5
135 6 8
135 7 91
135 8 12
135 9 10
135 10 13
136 1 68
136 2 1
136 3 19
136 4 9
136 5 29
136 6 9
136 7 13
136 8 29
136 9 22
136 10 11
137 1 59
137 2 2
137 3 10
137 4 10
137 5 32
137 6 5
137 8 11
137 9 10
137 10 2
138 1 216
138 2 2
138 3 4
138 4 7
138 5 14
138 6 9
138 7 2
138 8 41
138 9 46
138 10 20
139 1 65
139 3 4
139 5 2
139 7 1
139 8 12
139 9 7
139 10 5
140 1 9
140 2 3
140 3 9
140 4 28
140 5 2
140 6 9
140 7 3
140 8 27
140 9 8
140 10 36
141 1 3
141 2 9
141 3 177
141 4 10
141 6 5
141 7 2
141 8 48
141 9 2
141 10 1
142 1 1
142 2 12
142 3 176
142 4 10
142 6 4
142 7 1
142 8 49
142 9 2
142 10 2
143 1 2
143 2 16
143 3 12
143 4 79
143 5 6
143 6 20
143 7 81
143 8 37
143 9 11
143 10 7
144 1 187
144 2 2
144 3 4
144 4 24
144 5 35
144 6 7
144 7 12
144 8 24
144 9 29
144 10 3
145 1 58
145 4 7
145 5 5
145 6 6
145 8 11
145 9 15
145 10 1
146 1 4
146 2 1
146 3 10
146 4 22
146 5 2
146 6 14
146 7 32
146 8 29
146 9 22
146 10 50
147 1 3
147 2 5
147 3 7
147 4 101
147 5 11
147 6 9
147 7 17
147 8 28
147 9 17
147 10 6
148 1 4
148 2 3
148 3 5
148 4 50
148 5 6
148 7 3
148 8 14
148 9 12
148 10 4
149 1 4
149 2 1
149 3 10
149 4 21
149 5 12
149 6 8
149 7 1
149 8 26
149 9 65
149 10 89
150 1 52
150 2 142
150 3 1
150 4 4
150 5 52
150 6 1
150 7 4
150 8 4
150 9 2
150 10 13
151 1 8
151 2 5
151 3 4
151 4 26
151 5 4
151 6 31
151 7 23
151 8 33
151 9 82
151 10 40
152 1 14
152 3 1
152 4 14
152 5 1
152 6 1
152 7 3
152 8 6
152 9 38
152 10 5
153 1 104
153 2 15
153 3 3
153 4 10
153 6 5
153 8 54
153 9 135
153 10 27
154 1 12
154 2 3
154 3 7
154 4 15
154 5 5
154 6 14
154 7 4
154 8 16
154 9 111
154 10 6
155 1 14
155 2 3
155 3 3
155 4 94
155 5 11
155 6 15
155 7 8
155 8 32
155 9 12
155 10 11
156 1 1
156 2 9
156 3 8
156 4 5
156 5 4
156 6 3
156 7 117
156 8 10
156 9 9
156 10 5
157 1 4
157 2 11
157 3 19
157 4 26
157 5 6
157 6 3
157 7 3
157 8 24
157 9 15
157 10 13
158 1 9
158 2 7
158 3 14
158 4 20
158 5 1
158 6 17
158 7 11
158 8 32
158 9 22
158 10 16
159 1 2
159 2 4
159 3 40
159 4 5
159 5 1
159 6 19
159 7 3
159 8 42
159 9 10
159 10 9
160 1 6
160 2 5
160 3 11
160 4 116
160 5 1
160 6 16
160 7 3
160 8 11
160 9 32
160 10 10
161 1 3
161 2 7
161 3 26
161 4 147
161 5 11
161 6 37
161 7 6
161 8 16
161 9 21
161 10 13
162 1 37
162 2 2
162 3 3
162 4 64
162 5 18
162 6 8
162 7 3
162 8 49
162 9 20
162 10 17
163 1 4
163 2 5
163 3 16
163 4 33
163 5 13
163 6 5
163 7 14
163 8 41
163 9 19
163 10 12
164 1 116
164 2 3
164 3 6
164 4 19
164 5 27
164 6 8
164 7 5
164 8 54
164 9 23
164 10 22
165 1 51
165 3 7
165 4 15
165 5 5
165 6 6
165 7 6
165 8 27
165 9 12
165 10 5
166 2 1
166 3 397
166 4 3
166 5 1
166 8 3
166 9 2
167 2 3
167 3 393
167 4 6
167 5 1
167 6 2
167 10 2
168 1 5
168 2 4
168 3 105
168 4 14
168 5 4
168 6 26
168 7 11
168 8 79
168 9 22
168 10 36
169 2 146
169 3 54
169 4 7
169 5 8
169 6 7
169 7 14
169 8 19
169 9 86
169 10 366
170 1 64
170 2 43
170 3 75
170 4 2
170 5 87
170 6 12
170 7 1
170 8 24
170 9 192
170 10 562
171 1 13
171 2 1
171 3 4
171 4 50
171 5 6
171 6 9
171 7 14
171 8 20
171 9 35
171 10 73
172 1 8
172 2 22
172 3 42
172 4 21
172 5 26
172 6 198
172 7 4
172 8 117
172 9 31
172 10 25
173 2 11
173 3 4
173 4 47
173 5 11
173 6 29
173 7 376
173 8 46
173 9 18
173 10 2
174 1 56
174 2 4
174 3 1
174 4 6
174 5 43
174 6 5
174 7 5
174 8 23
174 9 22
174 10 2
175 1 7
175 2 2
175 3 228
175 4 37
175 5 7
175 6 25
175 7 4
175 8 53
175 9 38
175 10 35
176 2 10
176 3 5
176 4 45
176 5 8
176 6 38
176 7 375
176 8 45
176 9 14
176 10 4
177 1 3
177 2 3
177 3 12
177 4 11
177 5 1
177 6 33
177 7 132
177 8 27
177 9 8
177 10 10
178 1 3
178 3 1
178 4 6
178 5 2
178 6 27
178 7 44
178 8 5
178 10 1
179 1 167
179 2 4
179 3 32
179 4 34
179 5 48
179 6 20
179 7 7
179 8 75
179 9 19
179 10 15
180 1 42
180 2 1
180 3 10
180 4 7
180 5 11
180 6 13
180 7 2
180 8 21
180 9 5
180 10 8
181 1 5
181 2 98
181 3 25
181 4 25
181 5 9
181 6 5
181 7 6
181 8 22
181 9 18
181 10 9
182 1 2
182 2 3
182 3 27
182 4 61
182 5 5
182 6 12
182 7 7
182 8 22
182 9 13
182 10 34
183 1 72
183 2 13
183 3 4
183 4 9
183 5 19
183 6 26
183 7 9
183 8 100
183 9 9
183 10 2
184 1 57
184 2 5
184 4 4
184 5 54
184 6 2
184 8 5
184 9 13
184 10 1
185 1 54
185 2 1
185 3 4
185 4 10
185 5 62
185 8 35
185 9 5
185 10 5
186 1 201
186 3 5
186 4 7
186 5 68
186 6 1
186 7 2
186 8 44
186 9 11
186 10 5
187 1 73
187 2 6
187 3 3
187 4 15
187 5 231
187 7 2
187 8 39
187 9 28
187 10 3
188 1 8
188 2 22
188 3 22
188 4 38
188 5 14
188 6 4
188 7 14
188 8 25
188 9 11
188 10 66
189 1 54
189 2 2
189 4 5
189 5 132
189 6 13
189 7 1
189 8 27
189 9 26
189 10 4
190 2 1
190 3 16
190 4 29
190 5 4
190 6 1
190 7 1
190 8 32
190 9 14
190 10 86
191 1 25
191 2 1
191 4 18
191 5 28
191 6 13
191 7 6
191 8 21
191 9 208
191 10 19
192 1 54
192 2 6
192 3 5
192 4 15
192 5 99
192 7 2
192 8 33
192 9 29
192 10 19
193 1 106
193 2 2
193 4 11
193 5 143
193 6 11
193 7 10
193 8 57
193 9 41
193 10 21
194 1 89
194 2 7
194 3 5
194 4 15
194 5 2
194 6 3
194 7 3
194 8 43
194 9 93
194 10 25
195 1 34
195 2 9
195 4 3
195 7 1
195 8 12
195 9 48
195 10 7
196 1 48
196 2 43
196 3 22
196 4 50
196 5 43
196 6 42
196 7 1
196 8 34
196 9 52
196 10 112
197 1 1
197 2 4
197 3 182
197 4 22
197 5 6
197 6 23
197 7 6
197 8 60
197 9 39
197 10 17
198 1 80
198 2 6
198 3 21
198 4 43
198 5 448
198 6 19
198 7 2
198 8 61
198 9 26
198 10 22
199 1 34
199 2 6
199 3 1
199 4 26
199 5 172
199 6 15
199 8 43
199 9 47
199 10 15
200 1 28
200 2 28
200 3 17
200 4 45
200 5 183
200 6 28
200 7 4
200 8 61
200 9 24
200 10 62
201 1 204
201 2 28
201 3 13
201 4 134
201 5 42
201 6 30
201 7 39
201 8 87
201 9 64
201 10 14
202 1 138
202 2 8
202 3 7
202 4 22
202 5 16
202 6 14
202 7 15
202 8 74
202 9 25
202 10 6
203 1 286
203 2 12
203 3 1
203 4 42
203 5 177
203 6 17
203 7 17
203 8 146
203 9 50
203 10 6
204 1 35
204 2 12
204 3 9
204 4 100
204 5 14
204 6 6
204 7 8
204 8 34
204 9 12
204 10 11
205 1 118
205 2 11
205 3 16
205 4 31
205 5 107
205 6 10
205 7 4
205 8 55
205 9 29
205 10 7
206 1 185
206 2 6
206 3 9
206 4 17
206 5 102
206 6 1
206 7 15
206 8 121
206 9 73
206 10 22
207 1 99
207 2 1
207 3 5
207 4 20
207 5 39
207 6 2
207 7 4
207 8 60
207 9 24
207 10 9
208 1 122
208 2 9
208 3 7
208 4 20
208 5 153
208 6 3
208 7 8
208 8 72
208 9 31
208 10 9
209 1 80
209 2 5
209 3 2
209 4 16
209 5 53
209 6 2
209 7 2
209 8 22
209 9 11
209 10 9
210 1 97
210 2 1
210 3 6
210 4 29
210 5 98
210 6 4
210 7 1
210 8 26
210 9 21
210 10 3
211 1 54
211 3 1
211 4 23
211 5 168
211 6 4
211 7 2
211 8 25
211 9 20
211 10 6
212 1 93
212 3 2
212 4 7
212 5 113
212 6 1
212 7 6
212 8 8
212 9 14
212 10 3
213 1 77
213 2 1
213 3 1
213 4 10
213 5 47
213 8 1
213 9 5
213 10 10
214 1 10
214 2 4
214 3 19
214 4 23
214 5 3
214 6 228
214 7 8
214 8 43
214 9 71
214 10 13
215 1 104
215 2 5
215 3 5
215 4 32
215 5 382
215 6 7
215 7 6
215 8 52
215 9 18
215 10 2
216 1 39
216 2 1
216 3 8
216 4 1
216 5 90
216 7 1
216 8 10
216 9 9
216 10 2
217 1 68
217 3 2
217 4 8
217 5 168
217 6 1
217 7 7
217 8 7
217 9 11
217 10 3
218 1 37
218 2 4
218 3 4
218 4 12
218 5 216
218 6 13
218 8 15
218 9 19
218 10 4
219 1 61
219 2 1
219 3 9
219 4 10
219 5 28
219 6 4
219 7 5
219 8 14
219 9 5
219 10 1
220 1 1
220 2 64
220 3 9
220 4 9
220 5 2
220 6 23
220 7 32
220 8 19
220 9 18
220 10 5
221 1 68
221 2 50
221 3 3
221 4 5
221 5 8
221 6 4
221 7 15
221 8 19
221 9 40
221 10 1
222 1 7
222 2 4
222 3 4
222 4 11
222 5 1
222 6 27
222 7 3
222 8 15
222 9 37
222 10 9
223 1 8
223 3 6
223 5 3
223 6 5
223 7 6
223 8 20
223 9 69
223 10 2
224 1 11
224 2 9
224 3 6
224 4 1
224 5 1
224 6 2
224 7 1
224 8 48
224 9 49
224 10 2
225 1 18
225 2 9
225 3 9
225 4 1
225 6 11
225 7 8
225 8 64
225 9 119
225 10 6
226 1 3
226 2 3
226 3 8
226 4 6
226 5 2
226 6 7
226 7 11
226 8 35
226 9 52
226 10 8
227 1 4
227 4 13
227 5 1
227 6 5
227 7 7
227 8 24
227 9 50
227 10 7
228 1 10
228 2 21
228 3 16
228 4 26
228 5 7
228 6 49
228 7 39
228 8 83
228 9 154
228 10 40
