2135
10
3440
1 5 7
1 6 20
1 9 98
1 10 61
2 2 19
3 10 24
4 3 14
4 5 14
4 6 4
4 8 47
5 1 10
5 3 9
6 10 18
7 6 10
8 9 10
9 9 12
10 9 12
11 5 4
11 6 5
11 9 4
12 5 2
12 6 10
13 7 13
14 2 10
14 7 5
15 1 2
15 6 8
16 1 3
16 6 35
17 5 6
17 6 17
17 9 3
18 5 2
18 9 32
19 3 3
19 6 22
19 9 5
20 1 18
20 6 30
21 5 13
21 8 26
21 10 36
22 2 14
23 3 3
23 5 9
23 10 12
24 3 93
24 4 2
24 5 13
24 10 188
25 8 12
26 10 10
27 9 23
28 10 23
29 8 17
30 2 22
31 2 20
32 9 22
33 3 7
33 9 11
34 2 11
34 10 6
35 10 12
36 1 2
36 8 41
37 2 14
38 2 10
39 10 16
40 2 1
40 9 9
40 10 1
41 10 16
42 8 10
43 10 12
44 8 12
44 9 4
45 1 9
45 3 19
45 5 13
45 7 9
46 6 10
47 1 4
47 4 1
47 7 5
48 3 9
48 4 24
48 6 16
49 1 1
49 2 19
50 2 25
50 6 4
51 9 11
52 2 2
52 4 18
53 7 13
54 5 4
54 8 16
55 1 2
55 6 12
56 4 16
57 2 14
57 5 9
58 3 9
58 8 27
58 9 6
59 4 10
60 2 23
61 2 31
62 10 10
63 3 28
63 4 2
63 7 9
64 2 10
65 2 13
66 1 8
66 7 6
67 9 11
68 8 13
69 3 14
69 4 1
70 3 14
71 4 10
72 1 3
72 7 7
73 2 1
73 6 44
73 10 6
74 6 13
75 4 10
75 8 10
76 4 1
76 8 11
76 9 34
77 3 17
77 7 4
78 3 22
79 1 29
80 2 3
80 5 12
81 5 22
81 7 31
81 8 46
82 6 15
82 8 5
83 2 10
84 1 3
84 3 24
84 8 23
85 3 53
85 8 27
86 3 16
86 4 7
87 4 10
88 3 12
89 2 9
89 7 4
90 7 42
91 7 13
92 1 11
93 5 7
93 7 7
94 10 11
95 2 7
95 8 4
96 4 61
96 6 27
97 3 7
97 6 74
97 9 78
98 6 58
99 6 6
99 7 5
100 2 13
100 8 10
101 2 10
101 8 37
102 2 11
103 6 21
103 8 4
104 7 10
105 6 37
106 1 9
106 5 14
106 9 20
106 10 13
107 10 14
108 4 16
109 8 6
109 10 7
110 9 24
111 9 10
112 1 10
113 10 14
114 8 15
115 1 9
115 3 16
116 5 14
117 3 10
117 4 12
118 1 6
118 6 7
119 9 21
120 9 13
121 9 19
122 4 21
122 6 25
123 4 12
124 1 23
125 5 14
126 6 10
127 1 26
127 6 22
128 5 42
129 1 3
129 3 1
129 8 8
130 4 17
130 6 1
131 1 1
131 4 14
131 7 9
132 10 13
133 7 18
134 4 1
134 10 35
135 6 12
135 10 26
136 2 42
137 8 50
138 5 22
139 1 9
139 8 19
140 5 18
141 1 7
141 2 1
141 9 4
142 2 64
142 5 2
143 7 9
143 8 7
144 4 13
145 1 11
146 4 1
146 9 14
147 2 26
147 3 8
147 10 13
148 8 13
149 9 15
150 8 15
151 6 11
151 9 7
152 3 8
152 4 12
153 4 30
154 9 13
155 3 4
155 10 6
156 10 17
157 1 10
157 6 12
158 3 20
159 8 12
160 1 4
160 9 10
161 5 9
161 8 4
162 3 4
162 8 7
163 1 6
163 3 24
164 2 13
164 5 1
165 2 21
165 3 1
165 8 27
166 5 21
166 10 34
167 1 8
167 3 22
168 10 12
169 9 29
170 3 12
171 9 10
172 8 12
173 9 13
174 1 40
175 2 2
175 3 23
175 7 26
176 1 31
177 8 21
177 10 1
178 1 35
179 10 19
180 5 11
181 9 54
182 1 6
182 8 4
183 1 33
183 5 1
183 10 1
184 9 87
185 4 41
186 6 17
186 9 21
187 8 20
188 9 10
189 7 2
189 8 11
190 10 10
191 1 16
192 6 18
192 8 45
193 2 5
193 4 13
193 9 1
194 1 1
194 3 4
194 5 8
195 8 11
196 4 16
197 4 12
198 1 27
198 4 19
198 5 20
198 8 82
199 4 16
200 3 10
200 4 23
201 1 22
201 2 31
201 3 8
202 2 6
202 3 41
203 1 2
203 8 10
204 4 13
205 1 1
205 7 4
205 9 8
206 9 15
207 9 24
208 9 17
208 10 21
209 9 10
210 5 4
210 10 7
211 6 12
212 4 12
212 5 10
212 10 3
213 4 20
214 9 23
215 5 26
216 7 2
216 9 8
217 7 12
218 2 12
219 7 12
220 6 6
220 9 50
221 9 42
222 3 1
222 4 15
223 7 23
224 9 12
225 2 43
226 1 40
226 3 11
227 5 58
228 5 81
229 9 20
230 2 73
230 7 1
231 8 13
232 4 13
232 5 12
233 6 10
234 5 14
235 1 10
235 8 22
236 4 11
237 7 7
237 10 13
238 9 14
239 6 10
240 8 14
241 10 19
242 5 6
242 7 9
243 9 12
243 10 15
244 5 11
244 9 4
245 4 36
245 9 1
246 1 17
246 5 22
246 9 11
247 8 15
248 1 20
249 1 11
250 2 45
251 1 11
251 8 1
252 3 22
253 9 17
254 4 13
254 8 24
255 3 10
255 9 33
256 8 1
256 9 18
257 6 10
258 4 12
259 6 46
260 2 11
261 4 39
262 2 36
263 3 39
263 6 14
263 7 15
263 10 47
264 3 8
264 6 11
265 9 19
266 7 2
266 9 13
267 2 24
267 10 6
268 3 5
268 10 14
269 8 27
270 1 18
270 3 2
270 7 32
270 10 12
271 4 51
271 9 35
272 8 6
272 10 16
273 4 11
273 8 6
273 10 9
274 9 20
275 2 64
275 6 1
275 7 14
276 2 11
277 2 9
277 8 1
278 6 19
278 9 28
279 8 10
280 4 12
281 2 35
282 2 53
283 7 34
284 5 10
285 4 20
285 7 11
286 7 16
287 6 6
287 10 13
288 9 19
289 1 20
290 8 30
291 1 30
291 2 3
291 5 2
292 6 12
293 5 14
293 9 7
294 1 21
294 2 3
295 1 22
296 1 16
297 4 7
297 5 5
297 8 2
298 7 11
299 1 2
299 2 6
299 5 2
300 1 13
301 8 45
302 2 10
302 6 5
303 1 12
304 8 13
305 8 11
306 7 10
307 5 4
307 8 6
308 4 4
308 5 6
309 2 30
310 8 14
311 8 16
312 4 12
313 10 33
314 10 13
315 10 58
316 10 32
317 10 11
318 1 15
319 3 28
319 4 47
319 7 13
319 10 20
320 9 11
321 7 40
322 3 28
322 6 12
322 8 68
322 9 50
323 6 14
324 2 16
324 3 19
325 6 6
325 7 1
325 8 19
326 4 14
327 3 4
327 10 23
328 1 1
328 5 32
329 1 10
330 5 21
330 8 17
331 1 6
331 4 10
332 8 64
333 3 1
333 5 1
333 8 11
334 8 10
335 2 7
335 5 3
336 9 12
337 2 10
337 9 17
338 7 6
338 9 6
339 9 20
339 10 3
340 1 23
341 7 12
342 7 53
343 1 31
343 3 2
344 3 44
344 7 8
345 1 11
346 9 21
347 6 6
347 9 56
348 3 18
349 8 11
350 7 2
350 8 13
351 9 12
352 1 2
352 5 25
353 4 12
354 1 1
354 10 18
355 4 10
356 4 17
357 8 12
358 9 33
359 2 6
359 9 4
360 4 29
360 10 5
361 4 5
361 6 11
361 10 2
362 6 12
363 4 227
363 10 18
364 6 15
365 1 6
365 4 1
365 5 1
365 7 6
366 9 13
367 9 12
368 7 17
368 10 12
369 6 1
369 8 14
370 1 12
371 10 37
372 4 59
373 3 38
374 1 7
374 3 12
374 7 3
374 9 32
375 4 8
375 10 16
376 6 1
376 7 12
377 9 10
378 1 23
378 9 5
379 1 10
380 10 11
381 1 81
381 5 71
382 5 33
383 5 14
383 6 1
384 6 10
385 3 20
385 5 1
386 2 26
387 4 30
388 9 10
389 5 34
389 9 10
390 6 12
391 6 12
392 2 12
392 10 2
393 1 17
394 1 10
395 9 11
396 2 25
396 9 23
397 8 10
397 10 29
398 6 7
398 9 3
399 2 20
400 6 32
400 10 10
401 5 1
401 8 9
402 8 32
403 3 21
404 2 15
405 3 21
406 3 12
407 8 7
407 9 15
408 1 10
408 9 5
409 4 10
410 6 14
411 8 21
412 3 2
412 6 17
412 10 3
413 9 15
414 7 14
415 6 43
416 6 13
416 10 17
417 4 16
417 6 22
417 9 31
418 3 9
418 5 6
418 9 1
419 2 13
419 4 1
420 5 14
421 8 12
422 8 17
423 1 7
423 9 8
424 5 14
424 9 8
425 3 106
425 10 26
426 3 89
427 10 10
428 1 1
428 2 6
428 4 5
428 10 1
429 4 13
430 3 10
430 7 5
431 8 12
431 10 7
432 2 9
432 10 13
433 5 39
433 7 3
434 10 15
435 5 13
436 6 22
437 10 16
438 6 16
439 2 12
439 3 8
440 2 26
441 1 12
442 2 11
442 8 12
443 9 26
444 2 10
445 2 36
445 7 3
446 6 13
447 6 13
448 6 10
448 10 1
449 2 12
450 1 18
450 3 9
450 6 15
451 3 23
451 6 14
452 5 10
453 1 27
454 6 11
455 3 21
455 5 5
455 6 25
455 7 16
456 5 4
456 7 8
457 4 12
458 1 6
458 7 4
458 10 3
459 8 10
460 9 12
461 2 1
461 5 14
462 4 10
463 1 1
463 9 11
464 8 26
465 9 24
466 2 5
466 5 12
467 5 14
468 4 5
468 5 14
469 3 6
469 6 16
470 8 14
471 4 10
472 3 27
472 6 22
472 10 1
473 2 1
473 3 34
473 4 19
473 6 51
473 7 23
473 8 5
474 9 11
475 7 13
476 4 17
476 9 9
477 10 16
478 2 5
478 4 3
478 9 21
479 5 7
479 6 9
479 10 1
480 10 21
481 2 20
481 5 2
482 9 11
483 1 32
484 1 9
484 2 106
485 10 13
486 2 1
486 10 14
487 4 2
487 6 16
488 6 12
488 8 12
489 9 21
490 6 11
491 6 4
491 7 14
492 6 15
493 10 16
494 4 10
494 7 2
495 4 17
495 7 4
496 8 18
497 10 54
498 10 11
499 10 34
500 3 11
501 7 4
501 8 1
501 10 11
502 2 3
502 10 14
503 10 11
504 10 10
505 6 23
506 6 20
507 1 34
508 5 10
508 7 12
509 3 13
509 7 3
510 5 11
510 7 13
510 10 7
511 7 12
512 7 12
512 10 18
513 1 39
513 3 7
513 10 7
514 4 12
515 1 10
516 1 12
517 10 12
518 10 12
519 4 10
520 4 5
520 6 8
520 7 2
521 3 14
522 3 45
523 2 9
523 3 5
524 9 23
525 8 31
526 1 11
526 3 3
527 10 26
528 3 5
528 4 85
528 5 1
528 7 5
529 1 6
529 7 10
530 2 1
530 5 10
530 8 40
530 9 3
531 8 24
532 2 3
532 6 8
533 3 1
533 5 4
533 7 8
533 9 13
533 10 29
534 6 26
535 3 1
535 6 21
535 9 6
536 6 1
536 9 14
537 1 12
537 4 13
538 5 15
538 7 2
539 5 13
539 7 1
540 1 5
540 4 6
541 5 2
541 6 3
541 7 5
542 1 7
542 6 11
543 3 25
543 5 27
543 7 8
544 5 41
545 2 10
546 2 4
546 5 6
547 7 12
548 2 27
548 7 13
549 2 14
550 1 13
551 2 19
551 3 9
551 9 12
552 3 14
552 7 9
553 6 18
554 10 10
555 2 4
555 6 6
556 9 11
557 7 11
558 2 15
558 5 1
559 1 24
559 3 6
559 7 18
560 1 11
561 1 1
561 6 14
562 8 14
563 1 10
564 9 11
565 4 13
565 5 64
565 8 18
566 7 13
566 9 28
567 1 10
567 10 3
568 4 25
569 8 12
570 5 6
570 7 9
571 10 11
572 2 1
572 4 23
573 1 3
573 4 8
573 10 1
574 6 25
574 8 32
575 5 3
575 10 10
576 9 11
577 9 14
578 8 11
579 10 18
580 1 3
580 4 6
580 6 6
581 10 14
582 1 13
582 6 8
583 5 32
583 6 5
584 7 1
584 8 9
585 2 10
586 5 11
586 6 1
587 2 7
587 10 13
588 10 13
589 6 10
590 4 14
591 9 22
592 5 4
592 8 6
593 5 3
593 7 14
594 5 11
595 1 3
595 10 11
596 4 14
597 3 4
597 10 7
598 1 24
599 2 1
599 6 8
599 8 5
600 4 5
600 6 8
601 5 13
602 8 26
603 5 10
603 7 10
604 7 15
605 5 5
605 9 22
606 10 18
607 5 13
608 7 28
608 10 8
609 7 23
609 9 1
609 10 8
610 10 13
611 4 12
612 9 29
613 2 35
613 3 20
613 5 7
613 7 26
613 8 10
613 10 29
614 1 13
615 6 19
616 4 32
616 7 6
617 2 22
617 3 12
617 6 8
618 3 11
618 5 11
618 6 9
619 7 12
620 7 24
621 6 11
621 8 1
622 3 2
622 6 15
622 7 38
623 6 28
623 7 34
624 2 15
624 7 7
625 10 22
626 2 12
627 6 11
628 10 17
629 2 1
629 5 1
629 6 9
630 2 1
630 9 10
631 3 29
631 7 12
632 3 1
632 4 16
633 1 10
634 2 6
634 9 4
635 2 20
635 7 5
636 7 23
637 2 1
637 3 17
638 10 12
639 5 10
640 5 3
640 6 20
641 4 1
641 10 12
642 10 14
643 2 6
643 3 7
644 2 17
644 8 3
645 8 18
646 4 82
646 5 34
646 7 31
647 5 19
647 8 7
648 8 19
649 1 8
649 2 10
650 3 12
651 7 13
652 4 1
652 9 11
653 8 12
653 9 5
654 6 15
654 7 3
655 4 10
656 8 11
657 8 11
658 2 17
659 8 27
660 2 27
660 10 7
661 6 4
661 10 7
662 8 25
663 2 10
663 3 8
663 4 20
663 5 6
664 8 10
665 2 9
665 3 19
666 9 11
667 3 16
668 3 11
669 6 47
670 6 54
671 6 28
672 6 30
673 4 26
673 10 51
674 10 29
675 1 3
675 10 29
676 4 17
676 9 20
677 5 3
677 8 11
678 9 20
679 9 12
680 8 31
681 2 19
682 1 11
683 8 12
683 10 2
684 4 12
685 8 44
686 8 22
686 9 6
687 3 8
687 4 6
688 6 47
688 10 13
689 1 8
689 8 9
690 7 11
691 9 10
692 8 24
693 4 15
693 5 1
694 6 13
694 8 33
694 10 16
695 8 15
696 3 8
696 5 3
697 3 23
697 4 24
698 1 4
698 3 17
698 8 4
699 3 14
700 3 15
701 8 15
702 2 8
702 4 7
703 1 2
703 9 9
704 1 11
705 9 16
705 10 7
706 4 23
706 9 40
707 10 20
708 1 12
709 1 40
710 4 14
711 6 11
712 1 18
713 6 4
713 8 19
713 10 4
714 2 4
714 4 9
715 5 9
715 6 2
716 5 14
716 9 12
717 8 12
718 4 15
719 2 20
720 2 15
721 4 5
721 6 10
722 3 14
723 6 14
723 10 11
724 2 26
725 2 18
726 2 5
726 8 5
727 3 64
727 7 13
728 8 25
728 10 15
729 8 17
730 4 2
730 9 8
731 1 5
731 10 5
732 9 42
733 10 20
734 9 10
735 3 4
735 5 6
735 8 20
736 10 14
737 8 3
737 9 15
738 5 50
739 5 24
740 5 24
741 5 37
742 5 19
743 5 17
744 1 29
744 3 11
744 5 52
745 9 28
746 6 22
746 7 22
747 5 5
747 6 12
748 7 14
748 9 5
749 2 19
749 3 1
750 1 21
750 2 7
750 3 10
750 7 2
750 10 2
751 8 11
752 4 16
753 9 17
754 1 28
754 4 17
754 5 6
755 4 12
755 5 19
755 10 21
756 3 13
756 7 23
756 10 12
757 3 25
757 8 43
758 9 13
759 9 14
760 6 6
760 10 5
761 5 3
761 8 17
762 1 10
762 9 16
763 8 26
764 1 8
764 7 9
765 10 71
766 6 16
766 10 3
767 3 25
768 3 24
769 9 12
770 1 21
771 7 10
772 3 15
773 5 1
773 9 11
774 1 59
775 5 1
775 9 10
776 7 5
776 10 7
777 8 16
777 10 6
778 4 11
778 10 7
779 8 16
780 7 11
780 10 10
781 9 33
782 1 15
782 8 16
783 1 86
784 6 27
784 7 21
785 1 5
785 2 6
785 6 3
786 7 13
786 9 16
787 10 12
788 6 24
789 6 12
790 1 11
790 3 1
791 6 16
792 8 1
792 9 12
793 1 16
794 5 18
794 8 14
795 7 10
796 9 53
797 9 14
798 1 6
798 5 18
799 7 31
800 5 34
801 1 13
801 4 13
802 9 18
803 1 46
803 7 15
803 8 14
803 10 3
804 4 1
804 7 17
805 6 33
806 10 17
807 5 15
808 3 72
808 4 55
808 7 14
809 5 6
809 9 4
810 4 13
810 9 1
811 4 32
811 6 1
812 2 20
812 4 47
813 8 17
813 9 13
814 1 7
814 10 10
815 6 12
815 8 3
815 9 10
816 9 13
817 6 18
818 1 3
818 5 23
818 7 14
818 10 31
819 5 37
820 5 18
821 5 25
822 5 24
823 6 11
824 1 243
825 1 97
825 5 39
826 4 21
827 3 11
828 9 14
829 4 22
830 4 15
831 10 15
832 3 15
832 4 16
832 5 14
833 1 14
833 2 20
833 6 12
834 3 8
834 4 8
834 6 8
835 9 13
836 10 15
837 6 13
838 1 23
838 2 13
838 4 4
838 7 10
839 2 2
839 5 17
840 6 12
841 5 39
841 10 14
842 1 64
843 4 10
844 4 10
845 4 18
846 2 3
846 6 9
846 8 23
847 1 12
847 7 6
848 5 10
849 3 21
850 3 43
851 8 31
852 3 21
852 7 3
853 5 36
853 9 2
854 5 17
854 6 5
855 4 12
856 8 32
857 5 45
857 8 109
858 5 11
859 4 14
859 10 1
860 1 14
861 2 36
862 2 12
862 6 6
863 3 60
863 7 85
864 3 8
864 6 1
864 7 6
865 10 15
866 9 12
867 10 18
868 10 39
869 8 12
870 4 12
871 5 2
871 9 26
872 1 29
873 5 77
874 3 20
875 5 6
875 10 5
876 8 2
876 9 15
877 3 16
878 1 12
879 3 11
879 4 17
880 6 65
880 8 28
881 6 30
882 1 8
882 6 3
883 1 2
883 6 11
883 8 1
883 9 9
884 8 16
885 6 38
886 7 38
887 5 14
888 6 10
889 5 11
890 4 23
891 4 20
892 4 12
893 1 28
893 5 22
894 1 17
894 5 19
895 8 13
896 5 37
896 6 15
896 8 1
896 9 25
896 10 20
897 1 17
898 2 43
899 1 18
899 6 13
899 7 7
900 9 11
901 1 5
901 2 2
901 7 15
902 5 11
902 8 5
902 10 11
903 3 20
903 5 15
903 6 4
904 4 6
904 6 9
904 9 5
905 4 29
906 1 44
906 7 15
907 1 7
907 2 11
908 9 12
909 5 16
910 6 18
911 4 8
911 5 9
912 8 60
913 1 2
913 4 8
913 5 1
914 2 10
914 4 23
915 8 19
915 10 5
916 4 14
916 8 18
917 7 12
918 4 9
918 7 4
919 4 16
920 5 15
921 4 25
921 7 16
921 8 2
921 9 4
922 1 2
922 8 48
923 9 36
924 6 10
925 9 10
926 4 42
926 5 36
926 6 30
926 8 6
927 8 11
927 9 7
928 1 8
928 7 2
929 5 7
929 7 3
930 9 18
931 4 36
932 7 12
933 8 15
934 6 24
935 6 11
936 9 22
937 1 23
937 7 44
937 10 14
938 1 25
938 8 14
939 5 21
940 1 20
941 5 16
942 5 2
942 8 18
943 7 4
943 8 12
943 10 3
944 3 18
945 8 4
945 10 9
946 10 13
947 5 7
947 8 118
947 10 22
948 8 12
949 8 15
950 4 35
951 4 12
951 7 6
952 8 24
953 3 8
953 5 3
954 1 14
955 5 20
956 2 1
956 8 13
957 2 5
957 9 12
958 2 5
958 9 10
959 4 27
960 1 10
960 10 12
961 4 29
962 4 15
962 10 40
963 3 40
963 4 13
963 10 31
964 3 9
964 8 44
964 9 32
965 1 16
966 5 8
966 8 5
967 5 20
968 4 19
968 8 14
969 6 15
969 7 38
970 4 11
971 4 16
972 4 22
973 7 14
974 5 12
975 9 21
975 10 1
976 6 56
977 4 10
978 10 21
979 5 1
979 6 42
980 6 24
980 9 1
981 2 12
982 4 9
982 5 1
982 9 2
983 7 18
984 10 13
985 3 6
985 5 7
986 6 15
987 6 18
988 8 17
989 6 11
990 8 34
991 9 10
992 2 7
992 5 3
992 7 6
993 3 21
994 4 15
995 2 16
995 9 25
996 5 30
996 9 33
997 6 18
998 6 7
998 7 5
999 6 9
999 10 11
1000 7 19
1001 7 11
1002 7 32
1003 4 25
1004 7 11
1005 8 6
1005 10 23
1006 6 14
1007 2 2
1007 3 31
1008 6 12
1009 2 10
1009 6 2
1010 2 13
1010 3 23
1011 1 11
1011 4 4
1012 1 14
1012 3 1
1013 1 22
1014 1 6
1014 7 8
1015 3 6
1015 7 5
1016 8 24
1017 2 9
1017 10 1
1018 8 11
1019 2 5
1019 7 14
1020 8 45
1020 10 1
1021 3 56
1022 10 11
1023 9 11
1024 3 1
1024 6 16
1025 3 10
1026 9 14
1027 2 21
1027 4 1
1028 6 1
1028 8 13
1029 9 14
1030 7 32
1031 9 1
1031 10 29
1032 10 11
1033 5 9
1033 8 17
1034 10 16
1035 3 1
1035 4 5
1035 9 29
1036 7 12
1036 8 5
1037 2 21
1037 3 6
1037 9 13
1038 6 14
1039 4 2
1039 8 8
1040 1 22
1041 1 10
1041 2 2
1041 9 15
1042 3 34
1042 8 1
1042 10 58
1043 3 14
1043 6 1
1044 2 25
1044 4 1
1045 3 14
1045 6 6
1046 3 7
1046 7 3
1047 1 16
1048 1 14
1049 1 11
1049 4 9
1050 4 18
1051 4 11
1052 3 10
1052 7 5
1053 1 26
1053 7 5
1054 4 10
1055 1 10
1055 9 18
1056 1 34
1056 4 29
1057 6 13
1058 1 22
1058 5 1
1059 3 29
1059 8 76
1060 8 24
1061 1 3
1061 4 14
1062 1 20
1062 4 3
1063 2 38
1064 4 8
1064 7 6
1065 9 14
1066 7 3
1066 8 10
1067 1 11
1068 6 20
1069 9 27
1070 2 10
1070 5 3
1071 3 13
1071 5 34
1072 2 8
1072 3 7
1073 1 7
1073 10 5
1074 4 17
1075 1 15
1076 1 8
1076 3 21
1076 4 5
1077 2 11
1078 8 12
1079 5 17
1080 8 24
1081 4 14
1081 6 13
1082 6 20
1083 5 24
1083 6 45
1084 9 16
1085 5 14
1086 3 1
1086 5 13
1086 7 7
1086 9 13
1087 1 15
1088 6 8
1088 7 15
1088 9 38
1089 1 21
1089 7 5
1090 8 11
1091 3 74
1092 1 22
1093 7 31
1094 2 15
1095 10 24
1096 6 30
1097 4 8
1097 5 8
1098 9 10
1099 1 19
1100 6 20
1101 6 23
1102 2 1
1102 9 10
1103 6 41
1104 1 10
1105 10 13
1106 6 13
1106 9 30
1107 2 3
1107 3 11
1108 2 3
1108 6 19
1109 4 18
1109 9 6
1110 1 14
1110 4 26
1110 6 21
1111 4 32
1111 6 11
1111 9 31
1112 2 1
1112 9 10
1113 7 26
1114 6 10
1115 9 16
1116 1 31
1116 3 14
1117 7 38
1118 8 30
1119 5 6
1119 6 14
1119 7 4
1120 5 16
1120 6 20
1121 1 5
1121 7 9
1122 1 109
1123 1 11
1124 6 27
1124 10 2
1125 1 14
1125 4 11
1126 1 10
1126 8 11
1127 1 8
1127 4 3
1128 6 23
1128 8 18
1128 9 16
1129 4 17
1130 5 61
1130 9 47
1131 4 1
1131 7 9
1132 7 12
1133 7 7
1133 8 4
1134 8 10
1135 5 33
1135 7 10
1136 6 13
1137 5 18
1138 10 11
1139 10 32
1140 3 11
1140 10 14
1141 1 13
1141 2 9
1141 9 17
1142 5 11
1143 10 13
1144 1 40
1144 10 28
1145 6 11
1145 10 17
1146 6 11
1147 2 21
1147 8 22
1148 1 6
1148 10 4
1149 1 11
1149 7 8
1149 9 23
1149 10 19
1150 9 20
1151 9 35
1152 9 17
1153 8 16
1153 9 16
1154 8 1
1154 10 21
1155 10 13
1156 8 23
1157 5 20
1158 1 1
1158 6 5
1158 8 88
1159 4 17
1159 5 11
1160 8 19
1160 10 17
1161 8 15
1162 5 16
1162 9 26
1162 10 17
1163 1 20
1164 1 18
1165 1 19
1165 5 13
1166 1 6
1166 5 6
1166 7 10
1167 1 33
1167 3 11
1167 7 4
1167 9 16
1168 1 10
1168 5 47
1168 9 46
1169 3 6
1169 5 5
1170 8 21
1171 1 23
1171 6 11
1172 5 8
1172 9 16
1173 4 20
1173 6 19
1173 9 1
1174 2 1
1174 6 15
1175 1 11
1176 1 2
1176 3 12
1177 3 13
1178 5 10
1179 7 3
1179 9 10
1180 3 12
1180 9 15
1181 3 14
1181 7 21
1181 10 6
1182 9 3
1182 10 13
1183 3 33
1183 4 31
1183 5 19
1183 10 8
1184 6 16
1185 6 16
1185 9 14
1186 1 18
1186 2 10
1186 4 25
1187 9 1
1187 10 26
1188 7 5
1188 9 7
1189 8 16
1190 8 37
1191 2 23
1192 2 9
1192 6 1
1193 9 25
1194 4 10
1195 10 25
1196 2 23
1196 7 13
1197 7 31
1197 10 6
1198 1 15
1198 8 15
1198 10 19
1199 6 48
1199 10 10
1200 5 2
1200 6 13
1200 9 3
1201 8 11
1202 6 17
1203 10 16
1204 10 11
1205 9 16
1206 7 2
1206 9 17
1207 3 20
1208 7 14
1208 10 10
1209 1 18
1209 4 13
1210 2 3
1210 7 12
1211 5 28
1212 7 1
1212 8 20
1213 4 42
1214 2 49
1215 3 29
1216 7 11
1217 8 30
1217 10 2
1218 6 11
1219 4 31
1220 6 15
1221 1 5
1221 5 14
1221 8 2
1222 5 9
1222 8 16
1223 10 15
1224 4 15
1224 9 3
1225 4 28
1226 4 11
1227 6 16
1227 8 1
1228 8 16
1229 4 13
1229 9 3
1230 5 13
1231 10 39
1232 1 22
1233 2 3
1233 5 29
1233 9 12
1234 10 10
1235 8 13
1236 8 24
1237 3 27
1237 10 96
1238 10 10
1239 10 11
1240 6 16
1241 5 26
1242 9 14
1243 3 13
1244 7 18
1245 3 17
1245 6 1
1245 7 34
1246 3 8
1246 10 5
1247 10 14
1248 7 1
1248 10 209
1249 3 11
1249 9 11
1250 1 1
1250 3 15
1250 5 71
1250 6 59
1250 10 15
1251 4 17
1252 9 21
1253 7 33
1254 7 21
1255 1 7
1255 3 25
1256 5 2
1256 6 8
1257 4 19
1258 1 17
1258 4 10
1259 1 18
1259 6 4
1260 1 7
1260 4 1
1260 10 8
1261 5 12
1262 1 4
1262 7 6
1263 10 10
1264 6 24
1265 4 11
1266 7 5
1266 9 21
1267 8 11
1268 4 32
1269 4 15
1270 5 11
1271 3 41
1271 5 11
1272 2 16
1272 3 29
1272 8 41
1273 10 16
1274 4 16
1274 6 4
1274 8 22
1275 7 29
1275 9 53
1276 2 10
1277 2 13
1278 3 14
1278 4 36
1278 9 6
1279 7 36
1280 9 34
1281 4 22
1282 2 26
1282 4 25
1282 5 19
1283 2 77
1283 10 13
1284 6 15
1285 8 19
1286 9 14
1287 8 12
1287 10 15
1288 4 26
1289 4 10
1290 1 1
1290 10 14
1291 9 19
1292 9 13
1293 10 22
1294 1 1
1294 6 9
1295 7 11
1295 10 11
1296 1 30
1297 9 20
1298 6 10
1299 3 66
1299 7 43
1300 1 17
1300 2 65
1300 6 7
1300 9 64
1301 3 2
1301 6 44
1302 1 9
1302 9 4
1303 4 22
1304 3 15
1305 1 33
1306 1 17
1306 2 1
1306 4 4
1306 6 19
1307 5 14
1308 5 24
1308 9 30
1309 2 5
1309 5 10
1309 7 12
1309 8 10
1310 2 10
1310 8 20
1311 4 13
1311 5 1
1312 1 10
1313 1 12
1314 4 10
1315 2 77
1315 3 17
1315 7 5
1315 10 118
1316 10 13
1317 4 18
1318 8 56
1319 2 25
1319 10 13
1320 1 11
1321 1 36
1322 1 16
1322 8 1
1323 1 20
1324 2 2
1324 3 16
1324 4 47
1324 5 19
1324 10 63
1325 4 12
1326 2 15
1327 2 14
1328 3 7
1328 6 6
1328 10 12
1329 8 1
1329 10 12
1330 3 16
1331 6 12
1331 9 21
1332 4 7
1332 6 6
1333 8 13
1334 8 16
1335 2 16
1336 8 19
1337 3 41
1338 2 17
1338 9 43
1339 5 11
1339 6 19
1340 2 182
1341 10 11
1342 10 11
1343 3 12
1344 3 9
1344 6 7
1345 9 10
1346 9 11
1347 5 29
1348 5 35
1349 8 21
1350 3 9
1350 7 2
1350 8 17
1351 7 2
1351 10 12
1352 1 7
1352 6 6
1353 7 20
1353 9 48
1354 7 1
1354 8 12
1355 7 8
1355 10 28
1356 3 12
1357 3 10
1357 7 11
1357 9 13
1358 6 6
1358 7 4
1359 3 75
1359 5 2
1359 6 19
1360 6 12
1361 3 6
1361 7 6
1362 6 12
1363 4 10
1364 5 24
1364 9 3
1365 5 16
1365 10 12
1366 3 13
1367 3 1
1367 4 28
1367 10 3
1368 4 15
1369 8 18
1369 10 4
1370 3 36
1371 5 11
1371 7 9
1372 4 42
1373 4 1
1373 10 35
1374 7 18
1374 8 3
1374 9 12
1375 8 10
1376 4 7
1376 7 8
1377 1 4
1377 10 10
1378 1 12
1379 1 9
1379 4 1
1380 6 15
1381 2 3
1381 5 8
1382 3 10
1383 1 50
1384 1 15
1384 8 13
1385 10 21
1386 10 15
1387 1 10
1388 2 2
1388 7 1
1388 10 15
1389 8 23
1390 2 4
1390 4 26
1391 1 22
1392 2 4
1392 9 7
1393 10 11
1394 1 20
1395 8 11
1396 9 15
1397 1 8
1397 4 6
1397 10 8
1398 1 27
1398 2 2
1398 3 13
1398 7 18
1398 10 32
1399 2 14
1400 2 17
1400 10 22
1401 6 16
1402 2 14
1402 4 85
1403 5 20
1403 7 7
1404 3 25
1405 4 16
1406 5 17
1407 5 10
1407 7 5
1408 1 16
1408 3 28
1408 6 27
1408 7 17
1408 10 22
1409 1 8
1409 7 4
1410 1 1
1410 5 51
1411 4 36
1411 10 7
1412 1 14
1412 6 12
1412 10 3
1413 8 11
1414 10 11
1415 7 3
1415 10 22
1416 5 14
1416 6 109
1417 4 18
1418 2 14
1418 4 5
1419 8 11
1420 1 10
1420 2 8
1421 5 1
1421 6 12
1421 8 1
1421 10 16
1422 9 25
1423 8 10
1424 1 5
1424 7 6
1425 1 10
1426 1 10
1427 1 12
1427 9 19
1427 10 15
1428 6 9
1428 7 2
1429 1 11
1430 1 12
1431 1 10
1431 6 18
1432 1 1
1432 6 10
1432 10 12
1433 10 41
1434 8 12
1435 10 27
1436 7 3
1436 9 8
1437 5 16
1438 4 11
1438 10 1
1439 9 13
1440 1 10
1441 3 23
1441 7 13
1441 8 26
1441 9 15
1442 4 7
1442 6 20
1443 6 17
1444 2 1
1444 4 44
1445 4 17
1446 4 15
1447 8 15
1448 10 12
1449 5 15
1449 7 9
1449 10 15
1450 3 23
1450 4 1
1451 3 21
1452 1 71
1452 5 48
1453 1 32
1453 5 21
1453 7 8
1454 1 74
1455 1 153
1456 1 29
1457 1 12
1458 1 39
1459 1 9
1459 5 21
1460 4 10
1461 4 2
1461 9 17
1462 8 75
1463 4 9
1463 8 1
1464 5 50
1465 4 59
1465 10 26
1466 7 17
1466 9 7
1467 2 39
1467 6 43
1467 7 43
1468 2 10
1469 6 10
1469 7 10
1470 2 12
1470 6 4
1470 7 18
1471 2 11
1472 4 11
1473 4 10
1474 4 18
1475 9 19
1476 10 15
1477 8 19
1478 7 14
1479 6 16
1480 6 7
1480 8 22
1481 9 11
1482 2 3
1482 9 29
1483 4 15
1483 6 3
1483 9 27
1484 8 10
1485 3 65
1485 6 33
1485 7 62
1486 4 1
1486 7 17
1487 5 41
1488 6 10
1489 4 11
1490 4 2
1490 6 10
1491 3 13
1492 2 4
1492 3 10
1493 6 7
1493 8 3
1494 2 9
1494 3 1
1495 3 5
1495 4 10
1496 6 12
1497 9 19
1498 7 11
1499 7 10
1500 2 27
1500 7 85
1500 8 48
1501 2 30
1501 7 13
1502 6 14
1502 9 22
1503 5 2
1503 6 8
1504 5 9
1504 8 14
1505 2 11
1505 5 6
1505 7 5
1506 8 21
1507 8 8
1507 10 9
1508 2 20
1509 2 35
1510 7 33
1511 1 11
1512 2 13
1513 2 5
1513 9 17
1514 3 28
1514 4 1
1515 9 14
1516 1 24
1517 3 82
1517 4 8
1518 3 102
1518 10 51
1519 2 13
1519 4 4
1519 5 8
1519 6 8
1520 9 12
1521 6 10
1522 1 18
1523 6 30
1524 9 40
1525 9 40
1526 2 8
1526 3 12
1527 9 20
1528 1 3
1528 9 13
1529 4 8
1529 5 1
1529 7 1
1530 7 9
1530 8 1
1531 4 10
1532 2 3
1532 5 10
1533 9 10
1534 2 10
1534 5 10
1535 7 54
1535 9 30
1536 9 17
1537 4 16
1538 10 13
1539 1 5
1539 4 9
1540 2 9
1540 4 1
1541 1 24
1541 3 10
1541 4 27
1541 6 10
1542 7 150
1543 1 5
1543 7 10
1544 2 7
1544 8 10
1545 5 41
1546 5 70
1547 5 11
1548 1 5
1548 6 35
1548 7 8
1549 2 27
1549 5 8
1550 5 4
1550 8 6
1551 3 24
1551 7 9
1552 6 11
1552 10 9
1553 1 11
1553 2 1
1554 6 11
1554 8 33
1555 6 9
1555 8 3
1556 6 16
1557 4 16
1558 8 15
1559 10 13
1560 6 27
1561 4 1
1561 9 23
1562 2 4
1562 8 10
1563 5 23
1563 7 10
1564 9 10
1565 8 13
1566 5 18
1567 4 11
1567 6 10
1568 2 11
1568 7 4
1569 1 12
1569 6 4
1570 5 14
1571 2 5
1571 6 4
1571 8 18
1572 4 19
1573 4 19
1573 7 1
1574 5 15
1574 8 20
1575 5 3
1575 6 11
1575 8 35
1575 10 17
1576 2 1
1576 8 16
1577 1 2
1577 5 18
1578 7 27
1579 8 10
1580 2 7
1580 9 7
1581 5 37
1582 9 10
1583 6 14
1583 7 17
1583 8 15
1584 9 28
1585 1 33
1585 5 28
1585 10 18
1586 5 2
1586 8 13
1586 10 3
1587 1 15
1587 4 26
1588 9 11
1589 10 12
1590 2 15
1590 7 8
1591 4 14
1592 6 28
1593 4 4
1593 5 13
1594 3 38
1595 7 10
1596 9 11
1597 2 21
1598 4 18
1599 4 6
1599 10 7
1600 1 7
1600 7 10
1601 5 5
1601 7 28
1602 9 11
1603 5 6
1603 9 28
1604 1 5
1604 7 5
1605 4 11
1606 4 2
1606 6 6
1606 8 2
1607 5 10
1608 3 37
1608 9 17
1609 3 84
1609 7 5
1610 9 10
1611 9 21
1612 3 29
1613 7 12
1614 5 6
1614 7 8
1615 7 15
1616 2 33
1617 2 21
1618 8 11
1619 6 24
1620 4 13
1621 2 5
1621 9 15
1622 6 11
1623 7 10
1624 4 23
1624 5 1
1625 3 17
1625 6 26
1626 10 10
1627 3 15
1628 1 2
1628 8 15
1629 7 12
1630 4 26
1630 5 24
1631 1 5
1631 5 4
1631 9 6
1632 5 8
1632 6 2
1633 10 11
1634 6 26
1634 10 19
1635 7 19
1636 1 13
1637 2 9
1637 9 4
1638 4 15
1638 9 10
1639 2 6
1639 3 7
1640 8 13
1641 6 21
1642 2 2
1642 5 10
1643 5 7
1643 10 15
1644 10 13
1645 4 16
1645 9 2
1646 6 10
1647 7 11
1648 8 15
1649 1 19
1649 2 5
1650 3 4
1650 4 6
1651 1 9
1651 9 14
1652 4 15
1653 5 10
1653 8 3
1654 8 22
1655 3 11
1656 3 17
1657 3 13
1658 10 14
1659 1 17
1660 4 40
1660 10 10
1661 7 10
1662 1 15
1662 9 19
1663 8 34
1664 1 8
1664 3 6
1665 6 6
1665 7 21
1666 5 9
1666 7 7
1667 5 10
1668 1 3
1668 2 13
1668 5 34
1668 9 37
1669 3 25
1669 5 48
1670 1 20
1670 2 1
1670 6 8
1671 1 16
1672 1 10
1673 3 11
1673 7 128
1674 7 92
1675 7 33
1676 6 54
1677 5 13
1678 3 20
1678 5 14
1679 2 19
1680 1 16
1680 3 2
1681 8 27
1681 10 2
1682 1 18
1682 4 32
1683 1 10
1684 1 11
1685 3 22
1686 2 1
1686 3 92
1686 5 12
1686 7 27
1686 10 45
1687 9 12
1688 5 9
1688 9 14
1689 6 50
1689 8 81
1690 5 5
1690 6 22
1690 8 10
1691 2 22
1691 5 62
1691 6 33
1692 6 11
1692 9 1
1693 10 17
1694 2 12
1694 4 1
1695 2 5
1695 4 18
1696 6 11
1697 9 10
1698 5 23
1698 9 51
1699 9 15
1700 6 14
1701 5 26
1702 1 19
1703 5 3
1703 7 8
1704 1 11
1705 1 8
1705 8 7
1706 4 10
1706 8 1
1707 8 11
1708 1 211
1709 1 30
1710 9 14
1711 8 10
1712 1 12
1712 10 9
1713 4 14
1714 4 2
1714 6 12
1715 2 2
1715 3 17
1716 3 30
1716 7 31
1717 2 6
1717 5 3
1717 10 1
1718 6 17
1719 7 10
1719 9 5
1720 7 16
1721 7 21
1721 8 39
1722 6 11
1723 2 10
1724 2 10
1725 3 2
1725 6 6
1725 9 5
1726 5 19
1727 2 29
1728 8 9
1728 9 3
1729 5 9
1729 9 20
1730 8 28
1731 6 10
1732 6 12
1733 1 24
1733 2 17
1734 8 10
1735 4 17
1735 8 1
1736 2 59
1736 10 49
1737 8 26
1738 9 10
1739 5 8
1739 7 29
1739 8 53
1740 7 1
1740 10 13
1741 6 19
1742 5 5
1742 10 9
1743 6 17
1743 7 1
1744 6 5
1744 10 7
1745 4 10
1746 1 10
1747 8 30
1748 3 20
1748 10 8
1749 1 20
1749 8 9
1750 1 11
1750 7 2
1751 8 46
1751 10 30
1752 1 3
1752 3 24
1752 5 9
1753 4 16
1754 9 12
1754 10 7
1755 3 34
1756 9 23
1756 10 12
1757 4 14
1758 1 16
1758 10 13
1759 1 22
1760 3 10
1760 4 6
1761 3 23
1761 10 9
1762 1 12
1763 1 15
1764 4 12
1765 9 18
1766 9 10
1767 6 29
1768 4 7
1768 6 13
1769 4 12
1770 9 26
1771 4 11
1771 7 2
1772 3 53
1773 3 14
1774 3 10
1774 8 18
1775 9 19
1776 9 10
1777 1 10
1777 10 12
1778 10 11
1779 6 13
1780 2 4
1780 3 8
1781 4 35
1781 8 28
1782 9 10
1783 1 20
1783 5 24
1783 9 9
1784 3 14
1785 3 10
1786 8 11
1787 7 10
1788 1 11
1789 3 21
1789 6 18
1790 6 11
1791 6 6
1791 7 19
1792 3 11
1793 1 10
1793 4 6
1794 7 21
1795 9 29
1796 4 16
1797 8 32
1798 7 10
1799 8 21
1799 9 1
1800 4 14
1800 6 1
1801 4 10
1802 8 12
1803 3 6
1803 7 6
1804 8 27
1804 9 11
1805 4 14
1805 6 16
1806 7 32
1807 1 14
1808 5 1
1808 6 1
1808 10 26
1809 6 10
1809 8 1
1810 5 15
1810 6 4
1810 7 20
1810 10 16
1811 10 12
1812 10 14
1813 8 14
1814 4 11
1815 2 9
1815 4 8
1815 9 10
1816 2 28
1817 3 65
1817 5 1
1817 9 30
1818 8 13
1819 3 3
1819 10 8
1820 1 12
1821 1 94
1821 2 20
1822 1 12
1822 2 12
1823 8 14
1824 2 2
1824 4 14
1824 5 3
1825 10 142
1826 1 18
1827 5 19
1828 1 1
1828 8 4
1828 10 18
1829 2 1
1829 4 9
1829 10 14
1830 3 14
1830 4 3
1831 6 12
1832 4 16
1833 5 2
1833 9 14
1834 1 13
1835 8 12
1836 1 64
1837 1 15
1837 2 3
1837 4 13
1838 1 10
1838 6 26
1838 10 20
1839 1 16
1839 3 1
1839 4 17
1839 6 12
1840 3 10
1840 5 12
1840 8 8
1841 4 20
1842 2 16
1842 3 54
1842 6 53
1843 3 19
1844 9 19
1845 6 9
1845 8 26
1846 4 11
1847 8 12
1848 4 9
1848 5 5
1849 9 24
1850 5 12
1850 6 13
1851 5 11
1852 1 23
1852 4 1
1853 2 54
1854 2 8
1854 6 15
1855 4 10
1856 4 19
1857 8 10
1858 9 1
1858 10 14
1859 2 57
1859 9 12
1860 2 60
1860 4 59
1860 9 3
1861 1 4
1861 5 15
1862 1 9
1862 5 1
1863 10 47
1864 9 12
1864 10 14
1865 6 22
1865 7 33
1866 4 13
1867 4 8
1867 9 2
1868 6 20
1869 2 19
1869 6 16
1870 2 5
1870 8 5
1871 6 12
1872 8 27
1873 7 10
1874 4 11
1875 1 3
1875 5 8
1876 1 12
1876 2 6
1877 9 22
1878 10 10
1879 9 12
1879 10 15
1880 1 27
1880 2 19
1881 1 11
1882 8 11
1883 7 42
1884 2 7
1884 6 6
1885 7 6
1885 8 9
1886 8 34
1887 5 13
1888 7 5
1888 8 7
1889 1 6
1889 6 6
1890 3 1
1890 9 9
1891 7 10
1892 2 5
1892 8 11
1893 9 13
1893 10 5
1894 4 20
1895 5 16
1896 3 10
1896 5 3
1897 1 4
1897 5 9
1898 3 18
1899 5 12
1900 3 107
1900 6 31
1901 3 76
1902 4 14
1903 5 19
1904 1 7
1904 2 3
1904 6 9
1905 4 21
1905 5 23
1906 1 15
1907 5 23
1907 7 12
1907 8 15
1908 2 18
1908 5 3
1909 1 21
1910 7 3
1910 9 14
1911 2 18
1912 9 12
1913 8 12
1914 1 236
1915 5 15
1916 1 71
1917 2 6
1917 5 30
1918 3 11
1919 3 38
1919 4 7
1920 3 11
1921 4 3
1921 8 40
1921 10 12
1922 8 26
1923 2 9
1923 9 6
1924 3 14
1925 3 13
1926 6 12
1927 9 11
1928 1 12
1929 8 24
1930 7 16
1931 4 13
1932 2 14
1932 4 8
1933 2 1
1933 4 14
1934 2 1
1934 3 17
1935 3 10
1936 2 1
1936 3 13
1937 2 8
1937 5 70
1938 10 11
1939 8 56
1940 3 17
1940 5 30
1940 9 38
1940 10 5
1941 5 41
1941 8 100
1942 1 2
1942 9 15
1943 5 18
1943 8 10
1944 4 22
1944 5 21
1944 9 35
1945 10 23
1946 4 27
1946 10 18
1947 2 8
1947 10 10
1948 5 19
1949 3 9
1949 5 18
1949 10 3
1950 8 12
1951 1 4
1951 8 12
1952 7 9
1952 8 3
1953 4 4
1953 5 18
1954 5 8
1954 7 7
1955 2 2
1955 10 290
1956 10 13
1957 5 11
1958 1 19
1959 1 20
1959 2 15
1959 6 40
1960 1 6
1960 10 4
1961 2 1
1961 3 12
1962 4 19
1962 8 55
1963 2 1
1963 8 35
1964 5 25
1965 10 12
1966 1 3
1966 8 7
1967 5 58
1967 6 11
1967 10 3
1968 2 1
1968 3 12
1968 5 38
1968 8 23
1969 1 15
1969 5 11
1970 5 20
1971 7 5
1971 9 26
1972 10 14
1973 4 44
1974 9 15
1975 3 10
1975 5 34
1976 8 31
1977 1 8
1977 8 2
1978 4 15
1979 8 18
1979 10 12
1980 6 8
1980 8 4
1981 3 50
1982 3 10
1983 1 11
1984 3 10
1985 2 18
1986 3 11
1986 5 3
1987 3 11
1987 9 9
1988 8 13
1989 4 11
1990 4 33
1991 4 23
1992 7 21
1992 10 5
1993 7 30
1994 8 20
1995 2 4
1995 8 31
1996 6 15
1997 1 11
1997 2 3
1998 2 16
1998 8 9
1999 9 17
2000 1 12
2000 6 16
2001 1 16
2001 8 27
2002 5 17
2003 8 58
2004 1 18
2004 3 15
2004 4 35
2004 6 9
2005 7 14
2006 9 16
2007 6 60
2008 2 50
2009 5 10
2009 6 5
2009 7 7
2010 6 5
2010 7 13
2010 8 19
2011 3 58
2011 6 32
2012 6 17
2012 9 35
2013 1 11
2014 9 11
2015 3 14
2016 7 8
2016 8 4
2017 4 11
2018 8 14
2019 7 5
2019 9 7
2020 8 27
2021 10 19
2022 6 11
2023 8 12
2024 2 15
2024 6 2
2024 9 10
2025 5 48
2026 1 12
2027 2 5
2027 3 3
2027 5 31
2027 7 15
2028 10 11
2029 7 17
2029 8 11
2030 6 12
2031 7 10
2032 6 24
2033 5 35
2034 3 6
2034 9 5
2035 7 11
2035 10 9
2036 7 17
2037 10 12
2038 10 10
2039 2 10
2039 7 17
2040 2 43
2041 9 16
2042 4 11
2043 4 19
2043 6 1
2044 9 23
2045 5 2
2045 6 18
2046 6 4
2046 7 7
2047 1 7
2047 8 5
2048 5 35
2048 8 65
2049 1 30
2049 4 26
2049 9 2
2050 5 11
2050 7 19
2051 6 13
2051 7 94
2051 9 22
2052 10 10
2053 6 9
2053 9 1
2054 1 29
2055 4 7
2055 9 6
2056 1 15
2056 2 12
2056 3 38
2056 10 41
2057 1 20
2057 4 8
2057 8 3
2058 6 9
2058 10 31
2059 10 16
2060 5 9
2060 10 25
2061 4 10
2061 8 11
2062 8 21
2063 4 11
2064 3 11
2064 10 32
2065 3 36
2065 8 4
2065 10 2
2066 1 16
2067 1 20
2067 4 1
2067 8 120
2068 3 29
2069 8 3
2069 10 10
2070 4 31
2070 9 15
2071 10 12
2072 9 13
2073 5 11
2073 7 1
2074 1 17
2074 7 31
2075 5 4
2075 7 30
2076 3 11
2076 9 56
2076 10 5
2077 5 26
2078 7 11
2078 9 7
2079 3 11
2080 10 13
2081 2 1
2081 4 21
2081 8 9
2081 10 10
2082 1 15
2083 8 19
2084 1 16
2084 10 8
2085 1 66
2085 5 17
2085 7 7
2086 4 12
2087 8 4
2087 10 11
2088 10 11
2089 1 19
2089 6 8
2090 1 31
2090 8 11
2091 1 11
2092 6 4
2092 8 5
2092 10 9
2093 3 3
2093 5 8
2094 9 26
2095 8 40
2096 1 55
2096 8 40
2096 10 1
2097 1 2
2097 6 12
2098 8 16
2099 9 28
2100 7 14
2100 9 7
2101 2 11
2102 2 14
2102 8 8
2102 9 8
2103 9 36
2104 6 26
2105 3 29
2105 5 19
2106 4 2
2106 8 16
2107 3 11
2107 6 2
2107 10 7
2108 4 11
2108 8 1
2109 6 9
2109 8 10
2110 1 10
2110 8 12
2111 9 29
2112 3 7
2112 5 10
2113 1 10
2114 5 4
2114 6 6
2115 9 24
2116 2 11
2116 9 6
2117 8 23
2118 1 1
2118 6 18
2118 9 38
2119 10 10
2120 5 36
2121 5 16
2122 5 12
2123 5 11
2124 5 20
2125 5 19
2126 2 45
2126 3 232
2127 5 32
2128 5 72
2129 7 130
2130 9 20
2131 1 51
2131 10 225
2132 1 19
2132 9 57
2133 4 28
2134 3 20
2134 5 8
2135 10 10
